9.551176560511480743e-03 1.057172077502317453e+00 6.703037774269721139e-02 8.417543421698488832e-04
9.825782774798830915e-03 9.981578727245687954e-01 5.106542340240952105e-02 8.661940659629595220e-04
1.010913188360796321e-02 9.609247446996744824e-01 4.339046332597103206e-02 8.914040895057491042e-04
1.040147600890546642e-02 9.573543891234602699e-01 4.051237068222675319e-02 9.174067873397229915e-04
1.070307527632130898e-02 9.515771875632867971e-01 3.691963181843056774e-02 9.442252400545096160e-04
1.101419804660844562e-02 9.040108173127633373e-01 3.185762233224415096e-02 9.718832547031658851e-04
1.133512115442983359e-02 9.403596835345635618e-01 2.842569133603188580e-02 1.000405385883917269e-03
1.166613015468536199e-02 9.231874974722524829e-01 2.441907394697687833e-02 1.029816957507901330e-03
1.200751957659774473e-02 9.686603063082225296e-01 2.304365801322432600e-02 1.060144085273229293e-03
1.235959318578371512e-02 9.916594725481132633e-01 2.062561527569520617e-02 1.091413699866581200e-03
1.272266425454343826e-02 9.420611991176489619e-01 1.714243822008527929e-02 1.123653570914314587e-03
1.309705584060886184e-02 9.502491466753790750e-01 1.556362779410896957e-02 1.156892331706084118e-03
1.348310107459895109e-02 9.363549981553326296e-01 1.382386935187132106e-02 1.191159504714831138e-03
1.388114345643757727e-02 8.511039765208812113e-01 1.175774750458861637e-02 1.226485527938043791e-03
1.429153716099787821e-02 5.955726348778840329e-01 7.597995493309959471e-03 1.262901782086242857e-03
1.471464735324499139e-02 3.402557331749998526e-01 4.096854034471847719e-03 1.300440618645697750e-03
1.515085051315760711e-02 1.512039947173044185e-01 1.878359580576162251e-03 1.339135388843608766e-03
1.560053477071747866e-02 5.752540875534720155e-02 8.355836254096553643e-04 1.379020473545119248e-03
1.606410025126491295e-02 3.882962150867424328e-02 5.967118675625132434e-04 1.420131314112892855e-03
1.654195943152760376e-02 3.036105280167013601e-02 4.734416029664601910e-04 1.462504444261270020e-03
1.703453750663953131e-02 2.593922277984109584e-02 4.014672092406695739e-04 1.506177522938471425e-03
1.754227276847660291e-02 2.193330976139825847e-02 3.422499153562780618e-04 1.551189368271851509e-03
1.806561699564553786e-02 1.882861708602828407e-02 2.960257630524264195e-04 1.597579992612740279e-03
1.860503585547317040e-02 1.601566589018888279e-02 2.540404013172790237e-04 1.645390638719166146e-03
1.916100931835371807e-02 1.364138510337347017e-02 2.196572748881091297e-04 1.694663817116477027e-03
1.973403208482280013e-02 1.186145428590237687e-02 1.929725015299608667e-04 1.745443344677862592e-03
2.032461402573815593e-02 1.020643425935178518e-02 1.678535078121182363e-04 1.797774384468721646e-03
2.093328063595875296e-02 8.619418253473128122e-03 1.437856828910600042e-04 1.851703486901009211e-03
2.156057350192601071e-02 7.252366382954047487e-03 1.232237319174798529e-04 1.907278632246021477e-03
2.220705078356311618e-02 6.401077298247034517e-03 1.109519623767896303e-04 1.964549274556440846e-03
2.287328771092124458e-02 5.388722838576423882e-03 9.622550493088438412e-05 2.023566387051158131e-03
2.355987709601467181e-02 4.655867865496304998e-03 8.488730573704038264e-05 2.084382509019126837e-03
2.426742986030009860e-02 3.660902771350658426e-03 7.097357327875603614e-05 2.147051794301510063e-03
2.499657557826959545e-02 3.394013274472751796e-03 6.535781869701571666e-05 2.211630061414546211e-03
2.574796303764087177e-02 2.934983528961340390e-03 5.785613610861553124e-05 2.278174845379047578e-03
2.652226081664322416e-02 2.576155590611180300e-03 5.264658583589486112e-05 2.346745451326028107e-03
2.732015787891303726e-02 2.136109705168648051e-03 4.639860995106429161e-05 2.417403009951991314e-03
2.814236418652785524e-02 1.916259790738198895e-03 4.253084905866260523e-05 2.490210534901554987e-03
2.898961133172481622e-02 1.656173141355388699e-03 3.886231103721970412e-05 2.565232982159762129e-03
2.986265318786533729e-02 1.467571976659134188e-03 3.595258221802015766e-05 2.642537311541190339e-03
3.076226658022541277e-02 1.316369088071581454e-03 3.288559963846194597e-05 2.722192550368377189e-03
3.168925197720821180e-02 1.019651328985248222e-03 2.835064067708368616e-05 2.804269859437722671e-03
3.264443420259425382e-02 8.900955237107560040e-04 2.594642772870343385e-05 2.888842601377146838e-03
3.362866316946266920e-02 7.278824866391635446e-04 2.319094036787049974e-05 2.975986411506463796e-03
3.464281463643679310e-02 6.640105826985278096e-04 2.224271751444129261e-05 3.065779271318578962e-03
3.568779098692679425e-02 5.444148636752378905e-04 2.023417429402168605e-05 3.158301584707298715e-03
3.676452203206297120e-02 4.843047611912760977e-04 1.917985136599754438e-05 3.253636257076024385e-03
3.787396583803377681e-02 3.915085826433003526e-04 1.774255102608362521e-05 3.351868777470535035e-03
3.901710957856516920e-02 3.671645713635687727e-04 1.685586012730199069e-05 3.453087303888955316e-03
4.019497041329941206e-02 2.975710515828951827e-04 1.548476701267232196e-05 3.557382751932550505e-03
4.140859639285524724e-02 2.727804099995529449e-04 1.494486158382576642e-05 3.664848886972600899e-03
4.265906739137448334e-02 2.462940629806489455e-04 1.474877323049814751e-05 3.775582420020886978e-03
4.379454863478052934e-02 2.013789372971196883e-04 2.649220695583620293e-05 3.881783991827593774e-03
4.510599201290736715e-02 1.618703753650019327e-04 1.803861574173699553e-05 3.998510778313773932e-03
4.645757030225750039e-02 1.452785482317327844e-04 1.449844064258933398e-05 4.118824301477395228e-03
4.785048612739558477e-02 1.352535639619702234e-04 1.221771215860969536e-05 4.242834461023904831e-03
4.928597889453836117e-02 1.010948768959818439e-04 9.257640142689764576e-06 4.370654722294315363e-03
5.076532589437933451e-02 1.101298942699028280e-04 9.343799785108651218e-06 4.502402243520998472e-03
5.228984343862189133e-02 9.014370914002065179e-05 7.141460727026204329e-06 4.638198008858995629e-03
5.386088803123204732e-02 6.287423609861701062e-05 5.569757890239145296e-06 4.778166967543597682e-03
5.547985757545315783e-02 6.259311841310848991e-05 4.713979092520220595e-06 4.922438179551822529e-03
5.714819261765658603e-02 3.742575886100847095e-05 3.532986445095578088e-06 5.071144968174816012e-03
5.886737762913521466e-02 4.117185292525603335e-05 3.404991812326213942e-06 5.224425079939767035e-03
6.063894232698022885e-02 3.341645724658213638e-05 2.703795357301828170e-06 5.382420852354720398e-03
6.246446303521683424e-02 2.965413381721756521e-05 2.425653710488255549e-06 5.545279389986767886e-03
6.434556408740979561e-02 2.717805095217549574e-05 2.124499829612174706e-06 5.713152749424950036e-03
6.628391927198702682e-02 2.589301143982633801e-05 1.987453480578119306e-06 5.886198133723208326e-03
6.828125332156705085e-02 2.493998470587350185e-05 1.778149672408749882e-06 6.064578096966566009e-03
7.033934344761622048e-02 2.380628957502044506e-05 1.639193634371272226e-06 6.248460759655886758e-03
7.246002092180028886e-02 1.451746365873155145e-05 1.262263424074507832e-06 6.438020035662559738e-03
7.464517270543824523e-02 1.976498742472657108e-05 1.328937178163668227e-06 6.633435871566251488e-03
7.689674312850791615e-02 1.945208621431510879e-05 1.188402165415261971e-06 6.834894499254781826e-03
7.921673561969751198e-02 1.943615791707342850e-05 1.178106321908612826e-06 7.042588702737705500e-03
8.160721448904241504e-02 1.663760806169069362e-05 1.017043179634673103e-06 7.256718100203257693e-03
8.407030676473321862e-02 1.616147200657029677e-05 9.556136278917677153e-07 7.477489442433224963e-03
8.660820408573004225e-02 1.685257107647350150e-05 9.075448974029643987e-07 7.705116928782589601e-03
8.922316465186647116e-02 1.799050350770204639e-05 8.741263567427746489e-07 7.939822542030306948e-03
9.191751523317856498e-02 1.819558347505129906e-05 8.441353891314039695e-07 8.181836403516402206e-03
9.469365324024714425e-02 1.616995920017661695e-05 7.594609306637248906e-07 8.431397150097439883e-03
9.755404885739503429e-02 1.639807128914469027e-05 7.263787132528147841e-07 8.688752334579843972e-03
1.005012472406377755e-01 1.799861450644661573e-05 7.018152401672045273e-07 8.954158851428325669e-03
1.035378707823433053e-01 1.728304044294957424e-05 6.623488777568816966e-07 9.227883389695655178e-03
1.066666214446159028e-01 1.889155154470045059e-05 6.477576892646636030e-07 9.510202915281618444e-03
1.098902831634801930e-01 1.714215872787421070e-05 6.095966434455726337e-07 9.801405184803369669e-03
1.132117243260051392e-01 1.566822587199004314e-05 5.675544498387490861e-07 1.010178929354846496e-02
1.166339003225715931e-01 1.625052674026908681e-05 5.455441225403953443e-07 1.041166626018547904e-02
1.201598561765544193e-01 1.634461145455209227e-05 5.304063099206212118e-07 1.073135965112785237e-02
1.237927292537595314e-01 1.558795927221559799e-05 4.956737312389335674e-07 1.106120624768396933e-02
1.275357520540261191e-01 1.517607113064058597e-05 4.818564091524967926e-07 1.140155675938324051e-02
1.313922550874784823e-01 1.425078092022307145e-05 4.576353536112492476e-07 1.175277658714406898e-02
1.353656698379862577e-01 1.347956065819163854e-05 4.377223527123816417e-07 1.211524664024752132e-02
1.394595318164703612e-01 1.261475312344696595e-05 4.141088345730283231e-07 1.248936421140046590e-02
1.436774837067714694e-01 1.122337051979985859e-05 3.930655705511572276e-07 1.287554391451630961e-02
1.480232786068794992e-01 1.050476654194158836e-05 3.735224624476961503e-07 1.327421869021145132e-02
1.525007833684089709e-01 9.164954986796057130e-06 3.515468945009822463e-07 1.368584088441168398e-02
1.571139820372915441e-01 8.633662516505969203e-06 3.398910710667158904e-07 1.411088340588851145e-02
1.618669793987463079e-01 7.841055842046063234e-06 3.275489579936125479e-07 1.454984096899984182e-02
1.667640046296838263e-01 7.181354669553563311e-06 3.115788596287342711e-07 1.500323142839642306e-02
1.718094150617918980e-01 6.048910118035972090e-06 2.915240673977923364e-07 1.547159721297441948e-02
1.770077000586529614e-01 4.520224856291428355e-06 2.703097406981079318e-07 1.595550686690845599e-02
1.823634850103420801e-01 4.070463531888902830e-06 2.661171387376728387e-07 1.645555670618898542e-02
1.878815354490600276e-01 3.572887100879982875e-06 2.554862716568499557e-07 1.697237259971411463e-02
1.935667612894640677e-01 2.834213586274939540e-06 2.462855467161314765e-07 1.750661188465113538e-02
1.994242211974684431e-01 2.361598961924305977e-06 2.431621295997534924e-07 1.805896542648652292e-02
2.054591270914027101e-01 2.637567971107522281e-06 2.506831803077924104e-07 1.863015983492819633e-02
2.116768487795329112e-01 1.773750125430383464e-06 2.380120176738388594e-07 1.922095984760817389e-02
2.180829187380717848e-01 1.258086698508507440e-06 2.361588989863456914e-07 1.983217089436088709e-02
2.246830370339292504e-01 9.970914053947472160e-07 2.228650091351196060e-07 2.046464185572029540e-02
2.314830763965841087e-01 5.379304885551546284e-07 2.234856421063694101e-07 2.111926803018851148e-02
2.384890874435888486e-01 1.084982414936193052e-06 2.034037147322742577e-07 2.179699432577980253e-02
2.457073040643587558e-01 5.652946972484417977e-07 2.115308277664046994e-07 2.249881869233420068e-02
2.531441489670331890e-01 5.165312564572375273e-07 2.118151731691877506e-07 2.322579581212589825e-02
2.608062393933480161e-01 3.466470994701478696e-07 2.083530493962049604e-07 2.397904106735911783e-02
2.687003930066007573e-01 1.774619659554023259e-07 2.016450160914682112e-07 2.475973480424735473e-02
2.768336339579502980e-01 1.063969925799637176e-06 2.253423028423643307e-07 2.556912691450958716e-02
2.852131991364468266e-01 7.791318716916804080e-07 2.343033435820524843e-07 2.640854175628304379e-02
2.938465446083550203e-01 1.150461690149045349e-08 2.296483790336002794e-07 2.727938343764785972e-02
3.027413522514986743e-01 6.893795373477557136e-08 2.368295409533165332e-07 2.818314148717682502e-02
3.119055365905303856e-01 1.799606911244704295e-07 2.326013796947011171e-07 2.912139693716199115e-02
3.213472518392095356e-01 6.440961157566887236e-07 2.646754279687638569e-07 3.009582884642609743e-02
3.310748991559516741e-01 2.603483740053635216e-07 2.773832768409540416e-07 3.110822129089289498e-02
